#NEXUS
begin trees;
	tree Ref_tree = [&R]

(Phae_con:4.4263,(
Schizocladia_ischiensis:0.775603,(
Chor_ten:1.15787,(((
Spha_rig:0.586245,
Heribaudiella_fluviatilis:0.466228)100:0.163238,
Dictyota_dichotoma_m:0.924139)65:0.0965483,((
Desmarestia_herbacea_m:0.0193033,
Desmarestia dudresnayi:0.0241826)100:0.479488,(((
Saccorhiza_polyschides_MALE:0.0850827,
Saccorhiza_dermatodea:0.0588611)100:0.334763,(
Himanthalia_elongata:0.262781,(
Pelvetia_canaliculata:0.1313,
Fucus_serratus_MALE:0.0402197)100:0.228359)100:0.426354)100:0.0965881,((
Undaria_pinnatifida_Kr2015:0.260436,(
Lam_dig:0.122192,(
Macrocystis_pyrifera_MALE:0.127839,
Saccharina_latissima_FEMALE:0.0695646)100:0.0423132)100:0.055691)100:0.281107,(((
Porterinema_fluviatile:0.453222,(
Laminarionema_elsbetiae:0.187085,(
Myriotrichia_clavaeformis_FEMALE:0.188506,(
Sphaerotrichia_firma_MALE:0.214935,
Chordaria_linearis:0.141425)100:0.0390318)100:0.0300246)100:0.129414)100:0.0740598,(
Pyla_lit:0.206063,
Feldmannia_mitchelliae:0.393756)100:0.100411)100:0.0313019,(
Scytosiphon_promiscuus_MALE:0.411219,(
Pleurocladia_lacustris:0.262408,((
ect_silic_ros:0.0241038,(
Ect_sp6:0.015581,(
Ectocarpus_siliculosus_m:0.011005,
Ect_sp5:0.00883735)92:0.00178046)100:0.01149)92:0.00525117,((
Ect_sp2:0.0178881,(
Ect_sp4:0.00381853,
Ect_sp1:0.00362669)100:0.00685613)100:0.0164976,
Ectocarpus_crouaniorum_m:0.0301738)100:0.00744585)100:0.244377)100:0.0656372)93:0.0290146)100:0.256166)100:0.0803586)100:0.088332)99:0.115746)100:0.435132)100:0.509926):2.38205);

end;
