(((Pythium_ultimum:0.178431,
Phytophthora_infestans:0.182995):0.133663,(
Saprolegna_parasitica:0.185348,
Aphanomyces_euteiches:0.177507):0.115334):0.212413,(((
Phaeodactylum_tricornutum:0.397317,
Thalassiosira_pseudonana:0.296174):0.206985,
Aureococcus_anophagefferens:0.480807):0.0747001,
(((Tribonema_minus:0.305527,
Chrysoparadoxa_australica:0.338702):0.0574576,(
Schizocladia_ischiensis:0.250071,(
Dictyota_dichotoma_m:0.212499,(((
Himanthalia_elongata:0.116138,(
Sargassum_fusiforme:0.170837,(
Pelvetia_canaliculata:0.154562,(
Fucus_serratus_MALE:0.0743706,
Fucus_distichus:0.0689354):0.0728752):0.0965706):0.0578909):0.0627057,(((
Saccorhiza_dermatodea:0.0739771,(
Saccorhiza_Npolyschides_FEMALE:0.0239908,
Saccorhiza_polyschides_MALE:0.0267666):0.0968663):0.104412,((
Macrocystis_pyrifera_MALE:0.127813,(
Undaria_pinnatifida_Kr2015:0.153306,(
Saccharina_japonica:0.066789,
Saccharina_latissima_FEMALE:0.0629561):0.0748286):0.0694856):0.0608161,((
Desmarestia_Nherbacea_FEMALE:0.00713838,
Desmarestia_herbacea_m:0.00886801):0.105662,
Desmarestia_dudresnayi:0.114395):0.121133):0.0199806):0.017075,(((
Pleurocladia_lacustris:0.158292,(
Scytosiphon_promiscuus_MALE:0.0909633,
Hapterophycus_canaliculatus_FEMALE:0.0762603):0.0512171):0.030949,(((
Ectocarpus_Nfasciculatus_FEMALE:0.0286676,(
Ectocarpus_Nsp2_FEMALE:0.0267582,
Ectocarpus_Nsp4_FEMALE:0.0107367):0.0441261):0.0469051,
Ectocarpus_fasciculatus_m:0.0336525):0.0409242,((((
Ectocarpus_siliculosus_m:0.00729354,
Ectocarpus_Nsiliculosus_1a_FEMALE:0.00826344):0.0256791,(
Ectocarpus_sp2_MALE:0.0249727,(
Ectocarpus_sp4_MALE:0.00931713,(
Ectocarpus_Nsp1_FEMALE:0.00276946,
Ectocarpus_sp1_MALE:0.00741284):0.0238955):0.0235312):0.0148015):0.0112078,((
Ectocarpus_Nsp8_MALE:0.010316,
Ectocarpus_Nsp9_FEMALE:0.0174193):0.024599,((
Ectocarpus_Nsp5_MALE:0.0225951,
Ectocarpus_sp5_FEMALE:0.00447113):0.0353367,(
Ectocarpus_Nspecies7:0.00755773,
Ectocarpus_Nsp6_FEMALE:0.00826361):0.0172342):0.0132856):0.0126432):0.0126432,((
Ectocarpus_subulatus:0.0578181,(
Ectocarpus_sp3_MALE:0.0117557,
Ectocarpus_Nsp3_FEMALE:0.0196058):0.0433729):0.0198627,(
Ectocarpus_sp13_MALE:0.0334914,((
Ectocarpus_crouaniorum_m:0.00874162,
Ectocarpus_Ncrouaniorum_2c_FEMALE:0.0165366):0.0185936,(
Ectocarpus_Fsp12_MALE:0.000009,
Ectocarpus_Tsp12_FEMALE:0.000009):0.028711):0.0154701):0.0153375):0.00598536):0.0267063):0.0766827):0.0133254,((
Porterinema_fluviatile:0.127068,
Feldmannia_mitchelliae:0.13542):0.0189174,(
Laminarionema_elsbetiae:0.100564,((
Myriotrichia_clavaeformis_FEMALE:0.0137583,
Myriotrichia_Nclavaeformis_MALE:0.00896011):0.0760581,((
Chordaria_linearis:0.049744,
Cladosiphon_okamuranus:0.0969884):0.0344598,(
Sphaerotrichia_firma_MALE:0.0297273,
Sphaerotrichia_Nfirma_FEMALE:0.0477019):0.0702524):0.0275753):0.0324151):0.0352342):0.0123843):0.0467502):0.0158301):0.0233215,(
Heribaudiella_fluviatilis:0.140143,
Halopteris_paniculata:0.162931):0.0741303):0.0229403):0.0771442):0.0486247):0.0750716,(
Nannochloropsis_oceanica:0.192328,
Nannochloropsis_gaditana:0.238478):0.28552):0.0507508):0.0111797)0.940299;
